157 familiaritas- fingo

555 1445 cognomen 1555554535 551455451ιί5 6516- 55414515
4555411554, 555145 14444 goos 37, 45, 54114 11444545 f.oooditionom 59,
1.57,1.’73,.4 5oFohrorum 14, 3.’ 115 em, 4456414 5441654554
3146554551 4.Ρ541415454554Ρί- 3,. 64,.3 ,.3 63,3.
uariorum 34,.7 4.04·45414,4.1ιι-77,5 73,’.144561.54545’3,7.4’544
115 79,1.-54465545415, 556 154 1545 ’544 (5. 5. 4. orlata) 555
74445455 45 64, 644145 55455 55445 ’76,6- forro

15451115ιί654,6414,Ῑ5ι4ἔ44555145511(55541555565441915455445,54,551

54454444445555455 5 64544 45444545 45 5445454
forum, 1, 5. 54464411545544, 5445445 444545, 44545145, 5444554454 44 qui-
541 33,.3 6545154554 67, 6, fertur 5551454
45ι,45ιι1β44, 'zi' 554 1544444545 forro do 4ιὶ56444155 4414514545 5545451445
llari ι
154414, ιι, m. 554 61555 634455415- 15444, froia, 145545, 45415 7,Ῑὸ
15444461Ρ154..) 554 551155555551³ 554 15445444,5,545,4414454555541544545
545555 554445 6451544554 5545 544 3616155454.
ξι4445454 13415541 5145454545 5544 15ιιιιίιι,1,ιι. 54461145, 554 6455444
44545 555 644145 554 555 55555 74, 5.
5544 (5515555555 544 6445445445 1ιιιι4, a, um, 1555, 455, 5554144443,1.
154554 hotorn 544 1154454114 5761. 15441541. 41445 36,1. 39,.1 146-
fuscos summittere 5. ιιιιιι5ιὶ444; versuo 515 ιιι 76,’.5
morbus 4545454 6554545, 544 314416 15415114, 5, 644 555‘55, 55. 5555
444 545 6444545655415 5444545455445 1144, 5541454 544 1355654114 54 65445445
141145, 5 5 14455 44 5645414 5544 re: 555 544 4454415457454564445444114.
545 555 555 5454545 15, 4. 4555 555 545154141515445 544 45454
Faustulus 1, 3. 154575114θί5 7145445 544 5454445
Faustus, 71445455 544 555555 544 64555455555154544445, 5444411455
1644441544 5555 789. , Juo 455515 5441 1444411154614614,
faveo, favi, fautum 3. 5114553555 5. 5 514 55514545 7741414445 54554454
54514ἒ01 ,555445 45 1445, 455 64545144 affin 57ἶέ40 ιι4 141415145 grnoossugtobf( ἶ m)
1544554164, ι, (51. 5455414) m. 544 54565411-11561157656445 445 52
76554411455444 3,7. 54544 64144 3555415144 33,.
151151455541411. 55461541 74, 6. 77,6. 4165114, 5, 4445 37, 5.
151141454’,Λ6.551541144455516154131116554454,1545,45 6454555544 544
, 3 84,7. 145 4541545644611145554 [7, 54,] ¹
151151ιί4, 54351157516 16. 75,1.
4544145, oo ,1. 5445445 451. fidos, 51, f: 544 54454, 6541151414,
144454ιὶ44, 41545155417344545435 6145556454544444 416544 aloj ι rai
54444545141445155454445511545155 41ιιιιιι5,544 65555545451446 541115
5· 5555 1111 11151 67-111313763131113
forino, urum, f. 5445545455 forino 7.- 5141151554, 54454545 5444477544
’ 5541555,54434445441411,δ55541145 ¹ iidem ulrour oorvaro 345545 77544
3414414543414445114545715144414541· 541445 73,16; 454514 11651 4541415-
445145414454 55441445 555 45 545Ι ooro 43, 7.- 544154414544545 544
54414545 6415 54 555 454441155- 555555' 5⁶55: 555 514 ’6455445 544
uuo 545 45 pitorhotioris, 414 545 545544755455154414 4554441464, 544
3141455544 5446441544545544, 55144 5555555555555 75,1. (1. 654555) ,
445 8,7. 1655155545447144444545 4415ιί5
4446515455,1514545,115145,144645 opun'o 54,1.
83,5.-4545411.44515455145 31,11115,55,.15446545144 7,1.5 36,.1
3. 31,3.61154155554 555

4545,4511,151545, forro, 145545, 5445- 61154, 1, m. 5555555 1, ’.1 5. 5. - ,

545415156755554 alicui, 5545 644565515455544554 69. (1. 6)
641545145445545 16,.7 114445ιί44 emanoip atur 76,4. (1. ’6555) f

855. Ρ554.1”45 16154115 4454545, 65414 54561454 49,1. 6111554551
44145, 55454455454 irrevocabili rm- 84, 3.

545154516,.-3-4414554531,1. 74557551, 6415153. 541545, 44145
45 grqoald 1555, 65544 555445 5454444545454444414141454 ‚5'55555

4444454544 5541545545, 5455445 1555545545,45155454555114545

 

