186 · 111- capra

(811611), 111 81111, 111 mama: 1111111111111111111111,1111111
111 94,7 79,9.--1118111,111 atq 10,1. · ι

mad, 111 81111111 bona mortu 11111111, Ιι.111131111-,-1ὓ111ῃ1ῦ11111.113111111ῒ131
1119911111, 1. 111 11111, 111 1111, 1191111111111111111111111189. 7θῖ
,gana aaa) 7,19.111111111111 84, 10. 79,1. -1- Donamus) Brutus

. 81, 9. (f. 1111119

Ι bravia, a, 1111, 30, 9. brevi, 113111 11111, aa, f. 111 8111, 1111111111 1111

11911531, f. 1111111 1991939131191119
111 [111111811111111 78, 4. . 11111 ata 1111111111 11111111 91111

8111111111, j, 1. &tuat in 11111111 men 1111111111 11111111111111111
(1111 18111111) 34, 6. abnatat 6, 9.

C.

0. = Gajua (1111111), 1111111111 111111 camerina, aa, f. 81111111116111
11111. 11111 1111111111, 111181111111 39, 3.
0111111,1111111,11. Θία11111811111111ἐ1 Camillus (11111111) 193. 99, l.
1111111,1111118111111111111176, “. Campania, ae, s. 8111 1113111111, [aba
111111, 111111,1111113. 11111, 1111111 lida 1118111111 49,1.
(11111111181111139,3111111111 campus, ἰ, m. 1111111, 111 (abeam
, im 1111111 (11111111) 11111, 1111111 campus Martius, 111 1111111111, aine
9, 7. 1, 6. 93, 7. 96, 4. 5111. 1111111111111111111111131111, ·
111111,1, m. 111 &aa 611111 33, 8. nach 8111111111 1118911111111111,
caecilius, 1111. 811111111111111 Q. 11111111 111 11111 11111111111,111
, ,911111111111111111 Macedonicus c. 911111 11111111 111111111191111111111
61. - Numidicus 169. 11111111 111 1111111111 911111, aad)
111111. 111111 11111111 11111111 111- 1111111111111 111 8111111111 73,
1111111111 1111111 913. . 9. - 1111119111111,111181111
uaccas, a, 11111, 11111. 6111111811 11 1111911111 aaa 11111111 67, 9. (f.
11111111 111111 11111111 a. 34, 1111.)-1111Ρ1111111, 111 (11111
1111111111.11111111,11(1111111111 bei 11111111 in 1111111111 89, 6.
, 19,3. 76,8.77,8. 78,18.79,1.83,5. 83, 5.
(laminensis, 11, ma (1111111111 111 1111111111,11111191111111111111, 11111111
81111111111119111111 93. 11111 16, 3. ·
caepio (181111111111813. (11 1111111 aa 1111 11, 1.
Servilius) 71, 3. 73, 5. 011111,1ι·11111 ’1611111111 in 21111
11111,1111(1.1111.)111.11,1. 111111111111111111. 11, 1. .
89, 4. 81, 4. 89, 3. 5. 83, 4. 5. 0111111111,1111181111911111111111
86,1. - 0111110111111111111. 19. 11115 (11111111, 111 9191111191 bei
- 84, 3. 85, 9. ‚- oaeaarffiuciua), 81111 49,5. .
13111111118111111111111111185,3. Canusium, i, a. 81111111ἕ11111, 11 ,
01111, ania, 81111111911111111 11111111 11111111 49, .
§tatianam 17,1. ⁶. 111111111111113.1111111,1,11111
calamitas, itia, f. (11111111)111.111111 111 111111 38,1. 4113. 4,16.
1111111111, 11111 1111111111 81111111, 54 4. ,3. (17,1. 76, 5. - ein=
11111111,11111111 5114. - 1111111 1111111 11,1. 16, 9. 33,
1111111 (1. 1111111) 1 11. a. 11, 1. 11, 1.-1111111111 1-
011111111, 111111. 1111111311 11111 para 8111111 1111111, 111111 73, 10.
9111111185 aie 1111011. Augusti, 911 1111111111, 1,11. 1118119111111
am 171111 311111 93, 7. 9111111111111 auf 1111 mon· Tar-
calidiua‚ 1111111,81111111110111111111» peJua 1191111 9, 6. 8, 4. 94, l. 3.
atio 11131111111111111111 69, 43, 6. 49, 9. 17. 64, 6. 6115.

9. (1611111.) 6111111111,811111111111111111111
callidas, a, um, 1111118111, 111119, 1. 94. 1 .
111111 7, 19. ι cappadocia, 11, [,911111111111181111
0111111111111111 39, 3. 111111111111111311111ἒ111111 111

calumnia, 11, s. 111 1111111111, 1111 1111 1111111 8111111 7 ,9. .

1111111111, 1116111111 41, 6. auara, 11, 1111111111 ·- 011111 ’

 

